20;-2,3,-4,4,1,-3
7;-2,-3,-2,1,-3,2
24;-1,4,-2,-3,3,2
2;-1,2,4,1,-3,2
5;-2,1,-1,-2,-4,4
9;-4,2,-3,4,-2,3
11;-4,2,-4,2,4,-2
17;-2,-4,-1,4,-4,1
19;-4,-1,-3,-1,4,4
21;-2,3,-1,-4,-4,4
23;-1,2,-1,-3,2,-3
1;-2,3,-1,1,-4,-3
3;-4,-4,3,2,-2,4
4;-4,-1,2,-3,1,4
6;-1,-4,4,4,1,-2
8;-2,-2,3,-1,3,1
10;-2,2,1,3,4,2
12;-3,-4,-4,-2,4,3
13;-1,-3,-4,-2,3,1
14;-4,-4,-3,-2,4,1
15;-4,3,-4,4,-3,-1
16;-3,1,4,3,1,-2
18;-1,4,4,-3,3,-3
22;-4,-2,2,1,1,-4
25;-3,4,-4,2,-4,2
26;-3,3,4,-2,3,-1
27;-1,2,-3,-4,-4,4
0;0,0,0,0,0,0
